1744387202,19.8,53198,285
1744390802,0.6,47228,12
1744394402,0,43752,4
1744398001,52.2,53601,617
1744401602,1.8,22225,81
1744405201,0,40522,5
1744408801,0.6,35512,33
1744412401,0,43752,4
1744416002,0,43693,6
1744419601,0,21378,100
1744423202,0,43752,4
1744426801,0,43686,8
1744430401,0,43752,4
1744434001,0,43752,4
1744437601,0,43752,4
1744441201,0,43752,4
1744444801,0.6,43744,24
1744448402,0.6,43124,25
1744455601,0,43752,4
1744459201,0,49645,5
1744462801,0.6,35247,33
1744466401,0,43752,4
1744470001,0,43752,4
1744473602,0,43752,4
1744477202,0,45184,5
1744480801,0,43752,4
1744484401,0,43752,4
1744488001,0,43752,4
1744491602,0,40666,5
1744495202,0.6,35222,33
1744498802,0,43752,4
1744502401,0,43701,6
1744506001,0,43701,6
1744509601,0,43752,4
1744513201,0,43752,4
1744516801,0,43752,4
1744520401,0,43752,4
1744524002,0,43752,4
1744527601,0,43752,4
1744531202,0.6,43738,24
1744534802,1.2,43124,25
1744538402,0,43752,4
1744542002,0,43752,4
1744549201,0.6,35447,33
1744552801,0,43752,4
1744556401,0,43752,4
1744560001,0,43752,4
1744563601,0,43752,4
1744567202,0.6,43686,8
1744570801,0,43752,4
1744574401,0,43752,4
1744578001,0,40666,5
1744581601,0,43752,4
1744585201,0,43752,4
1744588802,0,43701,6
1744592401,0,43701,6
1744596001,0,43686,8
1744599602,0,43752,4
1744603201,0,43752,4
1744606802,0.6,43686,8
1744610401,0,43686,8
1744614001,0,43752,4
1744621201,1.2,43124,25
1744624801,0,43752,4
1744628401,0,43752,4
1744632001,0,49645,5
1744635601,0.6,35987,37
1744639201,27.6,50720,385
1744642801,6.6,78532,38
1744646401,3.6,76903,20
1744650001,2.4,68480,18
1744653601,6,74636,36
1744657202,10.8,58546,78
1744660802,4.2,72809,23
1744664402,0,41979,9
1744668001,2.4,38851,69
1744671601,1.2,71408,8
1744675201,1.2,65846,10
1744678801,0,43701,6
1744682401,1.2,71414,8
1744686002,0,43752,4
1744689601,0,43752,4
1744693201,0,43752,4
1744696801,1.2,71430,8
1744700401,0,43686,8
1744704001,2.4,56422,35
1744707602,1.2,43352,31
1744711202,1.2,71462,8
1744714802,1.2,63802,11
1744718401,0,49645,5
1744725601,1.2,62203,12
1744729202,1.2,75353,7
1744732801,1.8,71493,16
1744736402,0,43752,4
1744740001,1.2,71526,8
1744743602,0,43752,4
1744747201,0,43752,4
1744750802,0,40666,5
1744754401,0,43752,4
1744758001,1.2,68551,9
1744761601,0,43701,6
1744765201,0,43701,6
1744768801,0,43752,4
1744772401,0.6,75383,7
1744776002,0,43686,8
1744779601,0,43752,4
1744783202,2.4,80827,12
1744790401,1.2,50724,32
1744794001,1.2,43352,31
1744797601,0,43752,4
1744801201,0,43752,4
1744804801,0,49645,5
1744808402,1.8,34559,61
1744812001,1.2,57841,16
1744815601,1.2,71574,8
1744819201,1.8,80876,12
1744822801,0,43752,4
1744826401,1.2,71654,8
1744830002,0,43752,4
1744833602,1.2,63961,11
1744837201,0,40666,5
1744840801,0,43752,4
1744844401,0,43752,4
1744848001,0,43701,6
1744851601,0.6,43669,10
1744855201,0,43752,4
1744858801,0,43752,4
1744866002,1.8,88603,10
1744869601,0,43752,4
1744873202,0,43752,4
1744876801,2.4,56305,36
1744884002,0,43752,4
1744887602,0,43752,4
1744891202,0,49645,5
1744894801,1.2,34404,61
1744898402,0,43752,4
1744902001,0,43752,4
1744905602,0,43752,4
1744909202,0,43752,4
1744912802,0,43752,4
1744916402,0,43752,4
1744920001,0,43752,4
1744923601,0,40666,5
1744927201,0,43686,8
1744930801,0,43752,4
1744934402,0,43701,6
1744938001,0,43701,6
1744941601,0,43752,4
1744945201,0,43752,4
1744952401,0,43752,4
1744956001,0,43752,4
1744959602,0,43752,4
1744963201,3,54484,43
1744966801,1.2,43352,31
1744974002,1.2,69106,9
1744977601,0.6,46967,9
1744981202,1.2,35372,51
1744984802,1.2,72182,8
1744988402,0,43752,4
1744992001,1.2,72214,8
1744995601,0,43752,4
1744999201,1.2,76194,7
1745002801,0,43752,4
1745006402,0,43752,4
1745010001,0,41979,9
1745013601,0,43752,4
1745017201,0,43752,4
1745020801,0,43701,6
1745024401,0,43701,6
1745028001,0,43752,4
1745031601,0,43752,4
1745035202,0,43752,4
1745038801,0,43752,4
1745042402,0,43686,8
1745046002,2.4,74464,15
1745049601,1.2,43781,28
1745053201,1.2,43352,31
1745056801,0,43752,4
1745064001,0,49645,5
1745067602,1.2,34432,61
1745071201,0,43752,4
1745074801,0.6,43686,8
1745078402,0,43752,4
1745082001,0,43752,4
1745085601,0,43752,4
1745089201,0,43752,4
1745092802,0,43752,4
1745096401,0,40666,5
1745100001,0,43752,4
1745103601,0,43752,4
1745107201,0,43701,6
1745110801,0,43701,6
1745114402,0,43752,4
1745118001,0,43752,4
1745121602,0,43752,4
1745125201,0,43752,4
1745128801,0,43752,4
1745132401,0,43752,4
1745136002,1.2,43781,28
1745139601,1.2,43352,31
1745143201,0,43752,4
1745150402,0,49645,5
1745154001,2.4,40125,54
1745157601,0,43752,4
1745161201,0,43686,8
1745164801,0,43752,4
1745168401,0,43752,4
1745172002,0,43752,4
1745175601,0,43752,4
1745179201,0,43686,8
1745182802,0,40666,5
1745186401,0,43686,8
1745190001,0,43752,4
1745193601,0,43701,6
1745197201,1.8,60513,14
1745200801,0,43752,4
1745204401,0,43752,4
1745208002,0,43752,4
1745211601,0,43752,4
1745215201,0,43752,4
1745218801,0,72692,8
1745222401,1.2,43781,28
1745226001,1.2,43382,35
1745229602,0,43752,4
1745236801,0,49645,5
1745240402,1.2,34087,61
1745244001,0,43752,4
1745247601,0,43752,4
1745251201,0,43752,4
1745254802,1.2,72806,8
1745258401,1.2,72854,8
1745262002,0,43752,4
1745265601,1.2,76955,7
1745269202,0,40666,5
1745272801,0,43752,4
1745276402,3.6,77123,21
1745280001,0.6,43669,10
1745283602,0,43701,6
1745287201,0,43752,4
1745290801,0,43752,4
1745294401,1.2,69860,9
1745298001,1.8,58571,16
1745301602,0,43752,4
1745305202,0.6,43686,8
1745308801,1.2,43781,28
1745312401,1.2,50248,34
1745316002,0,43752,4
1745319601,0,43752,4
1745323202,0,49645,5
1745330402,1.2,69989,9
1745334001,0,43752,4
1745337601,0,43752,4
1745341201,0,43752,4
1745344801,0,43752,4
1745348402,0.6,43686,8
1745352001,1.2,77449,7
1745355601,0,40666,5
1745359201,0.6,77449,7
1745362801,0,43752,4
1745366402,0,43701,6
1745370001,0,67411,10
1745373601,0,43752,4
1745377202,0,43686,8
1745380801,0,43686,8
1745384401,0,43752,4
1745388002,0.6,43686,8
1745391601,0,43752,4
1745395202,1.2,43781,28
1745402402,0,43752,4
1745406001,0,43752,4
1745409601,0,49645,5
1745413201,1.2,34705,47
1745416801,0,43752,4
1745420401,0,43752,4
1745424001,0,43752,4
1745427602,0.6,77522,7
1745431201,0,43752,4
1745434802,0,43752,4
1745438401,0,43752,4
1745442001,0,40666,5
1745445601,0,43752,4
1745449201,0,43752,4
1745452802,0,43701,6
1745456401,0,43701,6
1745460002,2.4,73693,16
1745463602,0,43686,8
1745467202,0,43752,4
1745470801,0,43752,4
1745474402,0,43752,4
1745478002,0,43752,4
1745481601,1.2,43781,28
1745485201,1.2,43351,31
1745488801,0,43752,4
1745492401,0,43752,4
1745499602,1.2,45687,72
1745503201,0.6,96507,18
1745506801,0,43910,5
1745510402,3,77960,21
1745514001,1.2,70315,9
1745517601,1.2,73526,8
1745521201,0,43752,4
1745524801,0.6,77650,7
1745528401,1.2,71506,8
1745532001,1.2,73526,8
1745535601,0,43752,4
1745539202,1.2,60706,14
1745542801,1.2,70084,9
1745546401,1.2,77650,7
1745550001,0,43752,4
1745553601,0,43752,4
1745557201,0,43752,4
1745560801,0,43752,4
1745564401,0,43752,4
1745571602,2.4,50365,34
1745575201,1.2,70117,9
1745578801,0,43752,4
1745582402,2.4,96704,14
1745586001,1.2,34403,61
1745589602,0,43752,4
1745593201,0,43752,4
1745596801,0,43752,4
1745600401,0,43686,8
1745604002,1.2,77721,7
1745607601,0,43910,5
1745611201,0,43752,4
1745614802,0,40666,5
1745618401,1.2,73638,8
1745622002,0.6,77778,7
1745625602,0,43701,6
1745629201,0,43701,6
1745632801,0,43752,4
1745636402,0,43686,8
1745640001,0,43752,4
1745643601,0,43752,4
1745647201,0,43752,4
1745650802,0,43752,4
1745654402,1.2,43781,28
1745658001,1.2,43351,31
1745665201,0,43752,4
1745668801,0,49645,5
1745672401,1.8,34066,61
1745676001,0,43752,4
1745679602,0,43752,4
1745683202,0,43752,4
1745686801,0,43752,4
1745690401,0,43752,4
1745694002,0,43752,4
1745697602,0,43752,4
1745701201,0,40666,5
1745704801,0,43752,4
1745708401,0,43752,4
1745712001,0,43701,6
1745715602,0,43701,6
1745719201,0,43752,4
1745722801,0,43686,8
1745726401,0,43752,4
1745730002,0,43752,4
1745733602,0,43752,4
1745737201,0,43752,4
1745740801,1.2,43760,32
1745744401,1.2,43351,31
1745748001,1.8,91363,10
1745755201,1.2,73586,9
1745758802,1.2,34168,61
1745762401,0,43752,4
1745766001,0,43752,4
1745769601,0,43752,4
1745773202,0,43752,4
1745776802,0.6,43686,8
1745780401,0,43752,4
1745784002,0,43752,4
1745787602,0,40666,5
1745791201,0,43752,4
1745794802,0,43752,4
1745798401,0,43701,6
1745802002,0,43701,6
1745805601,0,43752,4
1745809201,0,43752,4
1745812801,0,43752,4
1745816401,0,43686,8
1745820001,0,43752,4
1745823602,0,43686,8
1745830802,1.2,43351,31
1745834402,0,43752,4
1745838001,0,43752,4
1745841601,0,49645,5
1745845201,0,43752,4
1745848802,0,43752,4
1745852401,0,43686,8
1745856002,0.6,43686,8
1745859602,0,43752,4
1745863202,0,43752,4
1745866801,0,43752,4
1745870402,0,43752,4
1745874001,0,40666,5
1745877602,0,43752,4
1745881202,0,43752,4
1745884801,0.6,70212,9
1745888401,0,43701,6
1745892001,0,43752,4
1745895601,0,43752,4
1745899202,0,43752,4
1745902802,0,43752,4
1745906401,0,43752,4
1745910001,0,43752,4
1745913601,1.2,43781,28
1745920801,0,43752,4
1745924401,0,43752,4
1745928001,0,49645,5
1745931601,0.6,34580,33
1745935202,0.6,76334,7
1745938802,0,43752,4
1745942402,0,43752,4
1745946001,0,43752,4
1745949601,0,43752,4
1745953201,0,43752,4
1745956801,0,43752,4
1745960402,0,41979,9
1745964002,0,43686,8
1745967601,0,43752,4
1745971201,0,43701,6
1745974801,0,43701,6
1745978402,0,43752,4
1745982001,0,43752,4
1745985602,0,43752,4
1745989202,0,43752,4
1745992802,0,43752,2
1745996401,0,43752,4
1746000001,1.2,43781,28
1746003602,1.2,43352,31
1746007201,0,43752,4
1746014402,0,49645,5
1746018002,0.6,34579,33
1746021601,0,43686,8
1746025201,0,43752,4
1746028801,0,43752,4
1746032402,0.6,76407,7
1746036001,0,43752,4
1746039602,0,43686,8
1746043201,0,43752,4
1746046801,0,40666,5
1746050401,0,43752,4
1746054001,0,43752,4
1746057601,0,43701,6
1746061201,0,43701,6
1746064801,0,43752,4
1746068401,0,43752,4
1746072001,0,43752,4
1746075601,0,43752,4
1746079201,0,43686,8
1746082801,0,43752,4
1746086402,1.2,43781,28
1746090002,1.2,43352,31
1746093601,0,43752,4
1746097201,0,43752,4
1746104401,0.6,34578,33
1746108001,0,43752,4
1746111601,0,43752,4
1746115202,0,43752,4
1746118801,0,43752,4
1746122402,0,43752,4
1746126001,0,43752,4
1746129601,0,43752,4
1746133201,0,40666,5
1746136801,0,43752,4
1746140402,0,43752,4
1746144001,0,43701,6
1746147601,0.6,43669,10
1746151201,0,43752,4
1746154801,0,43752,4
1746158401,0,43752,4
1746162002,0,43752,4
1746165601,0,43752,4
1746172802,0.6,43781,28
1746176402,1.2,43351,31
1746180001,0,43686,8
1746183601,0,43752,4
1746187201,0.6,46967,9
1746190801,0,43752,4
1746194401,0,43752,4
1746198001,0,43752,4
1746201601,0,43752,4
1746205201,0,43686,8
1746208801,0.6,76096,7
1746212401,0,43752,4
1746216002,0,43752,4
1746219602,0,41979,9
1746223202,0,43752,4
1746226801,0.6,76114,7
1746230401,0,43701,6
1746234001,0,43701,6
1746237602,0,43686,8
1746241202,0,43686,8
1746244801,0,43752,4
1746248401,0,43686,8
1746252001,0.6,76133,7
1746255602,1.2,76133,7
1746259201,1.2,43781,28
1746262801,1.2,43352,31
1746266402,0,43752,4
1746270002,0,43752,4
1746273601,0.6,46967,9
1746280802,0,43686,8
1746284401,0,43752,4
1746288001,0,43752,4
1746291602,0,43752,4
1746295201,0,43752,4
1746298801,0,43752,4
1746302401,0,43752,4
1746306001,0,40666,5
1746309602,0.6,76133,7
1746313202,0,43752,4
1746316801,0,43701,6
1746320401,0,43669,10
1746324001,0,43752,4
1746327601,0,43752,4
1746331201,0,43752,4
1746334802,0,43752,4
1746338401,0,43752,4
1746342002,0.6,43686,8
1746345601,1.2,43781,28
1746352801,0,43752,4
1746356401,0,43752,4
1746360001,0,49645,5
1746363602,0.6,36034,19
1746367201,0,43752,4
1746370801,0,43686,8
1746374402,0,43752,4
1746378001,0,43752,4
1746381601,0,43686,8
1746385201,0,43752,4
1746388801,0,43752,4
1746392402,0,40666,5
1746396001,0,43752,4
1746399602,0,43686,8
1746403201,0,43701,6
1746406801,0,43669,10
1746410401,0,43752,4
1746414001,0,43752,4
1746417601,0,43752,4
1746421201,0,43752,4
1746424802,0,43752,4
1746428401,0,43752,4
1746432001,1.2,43761,32
1746435601,1.2,43352,31
1746439201,0,43752,4
1746442802,0,43752,4
1746450002,0.6,36116,19
1746453601,0,43752,4
1746457201,0,43752,4
1746460801,0,43752,4
1746464401,0,43686,8
1746468002,0,43686,8
1746471601,0,43752,4
1746475201,0.6,43686,8
1746478801,0,40666,5
1746482402,0,43752,4
1746486001,0,43752,4
1746489601,0,43701,6
1746493201,0,43701,6
1746496802,0,43752,4
1746500401,0,43752,4
1746504001,0,43752,4
1746507601,0.6,43686,8
1746511201,0,43752,4
1746514802,0,43752,4
1746518402,0.6,43781,28
1746522001,1.2,43352,31
1746525601,0.6,81461,6
1746529201,0,43910,5
1746536401,0.6,35549,37
1746540002,0.6,43686,8
1746543601,0.6,76169,7
1746547202,0,43752,4
1746550801,0,43752,4
1746554402,0,43752,4
1746558001,0,43752,4
1746561601,0,43752,4
1746565201,0,40666,5
1746568802,0,43752,4
1746572402,0,43752,4
1746576001,0,43701,6
1746579601,0,43701,6
1746583201,0,43752,4
1746586801,0,43752,4
1746590402,0,43686,8
1746594001,0,43686,8
1746597601,0,43686,8
1746601202,0,43752,4
1746608402,1.2,43351,31
1746612002,0,43752,4
1746615601,0,43752,4
1746619202,0,49645,5
1746622801,0.6,34572,33
1746626401,0,43752,4
1746630001,0,43752,4
1746633602,0,43686,8
1746637202,0,43752,4
1746640801,0.6,76187,7
1746644401,0,43686,8
1746648002,0,43752,4
1746651601,0,40666,5
1746655202,0,43752,4
1746658801,0,43752,4
1746662401,0,43701,6
1746666001,0,43701,6
1746669601,0,43752,4
1746673201,0,43752,4
1746676801,0,43752,4
1746680402,0,43752,4
1746684001,0,43752,4
1746687601,0,43752,4
1746694801,1.2,43352,31
1746698402,0,43686,8
1746702001,0,43686,8
1746705602,0,49645,5
1746709201,0.6,34577,33
1746712801,0,43752,4
1746716402,0,43752,4
1746720001,0,43752,4
1746723602,0,43752,4
1746727201,0,43752,4
1746730801,0,43752,4
1746734401,0,43686,8
1746738001,0,40666,5
1746741602,0,43752,4
1746745202,0,43752,4
1746748801,0,43701,6
1746752401,0,43701,6
1746756001,0,43752,4
1746759602,0,43686,8
1746763202,0.6,43686,8
1746766801,0,43752,4
1746770401,0,43752,4
1746774002,0,43686,8
1746777601,1.2,43781,28
1746781202,1.2,43351,31
1746784801,0,43752,4
1746788401,0,43752,4
1746795601,0.6,36042,19
1746799201,0,43752,4
1746802802,0,43752,4
1746806401,0,43752,4
1746810001,0,43752,4
1746813602,0,43752,4
1746817201,0,43752,4
1746820802,0,43752,4
1746824401,0,40666,5
1746828001,0,43752,4
1746831602,0,43752,4
1746835201,0,43701,6
1746838801,0,43669,10
1746842401,0,43752,4
1746846002,0,43686,8
1746849601,0,43686,8
1746853201,0,43752,4
1746856801,0,43752,4
1746860402,0,43752,4
1746864001,1.2,43781,28
1746867601,1.2,43351,31
1746871201,0,43752,4
1746874801,0,43752,4
1746882002,0.6,34621,33
1746885602,0,43752,4
1746889202,0,43752,4
1746892801,0,43752,4
1746896402,0,43752,4
1746900001,0,43752,4
1746903601,0,43752,4
1746907201,0,43752,4
1746910801,0,40666,5
1746914401,0,43752,4
1746918001,0,43752,4
1746921601,0,43701,6
1746925202,0,43701,6
1746928801,0,43752,4
1746932401,0,43752,4
1746939601,0,43686,8
1746943201,0,43752,4
1746950402,1.2,43781,28
1746954002,1.2,43351,31
1746957601,0,43686,8
1746961201,0,43752,4
1746964801,0,49645,5
1746968402,0,43752,4
1746972002,0,43686,8
1746975601,0,43752,4
1746979202,0,43752,4
1746982801,0,43752,4
1746986401,0,43752,4
1746990002,0,43752,4
1746993601,0,43752,4
1746997201,0,40666,5
1747000801,0,43752,4
1747004401,0,43752,4
1747008001,0,43701,6
1747011601,0,43701,6
1747015202,0,43752,4
1747018802,0,43686,8
1747022401,0,43752,4
1747026001,0,43752,4
1747029601,0,43752,4
1747033201,0,43752,4
1747036801,1.2,43781,28
1747044001,0,43752,4
1747047602,0,43686,8
1747051201,0.6,46967,9
1747054802,0,43752,4
